-0.1000000000000000E+01  0.0000000000000000E+00
-0.1500000000000000E+01  0.8660254037844386E+00
-0.1500000000000000E+01 -0.8660254037844386E+00
-0.1838907322686957E+01  0.1754380959783722E+01
-0.2322185354626085E+01  0.0000000000000000E+00
-0.1838907322686957E+01 -0.1754380959783722E+01
-0.2103789397179628E+01  0.2657418041856753E+01
-0.2896210602820372E+01  0.8672341289345055E+00
-0.2896210602820372E+01 -0.8672341289345055E+00
-0.2103789397179628E+01 -0.2657418041856753E+01
-0.2324674303181638E+01  0.3571022920337967E+01
-0.3351956399153543E+01  0.1742661416183172E+01
-0.3646738595329679E+01  0.0000000000000000E+00
-0.3351956399153543E+01 -0.1742661416183172E+01
-0.2324674303181638E+01 -0.3571022920337967E+01
-0.2515932247810820E+01  0.4492672953653943E+01
-0.3735708356325810E+01  0.2626272311447131E+01
-0.4248359395863369E+01  0.8675096732313387E+00
-0.4248359395863369E+01 -0.8675096732313387E+00
-0.3735708356325810E+01 -0.2626272311447131E+01
-0.2515932247810820E+01 -0.4492672953653943E+01
-0.2685676878943266E+01  0.5420694130716751E+01
-0.4070139163638132E+01  0.3517174047709769E+01
-0.4758290528154594E+01  0.1739286061130496E+01
-0.4971786858528009E+01  0.0000000000000000E+00
-0.4758290528154594E+01 -0.1739286061130496E+01
-0.4070139163638132E+01 -0.3517174047709769E+01
-0.2685676878943266E+01 -0.5420694130716751E+01
-0.2838983948897631E+01  0.6353911298604880E+01
-0.4368289217202330E+01  0.4414442500471589E+01
-0.5204840790636934E+01  0.2616175152642255E+01
-0.5587886043263130E+01  0.8676144453530847E+00
-0.5587886043263130E+01 -0.8676144453530847E+00
-0.5204840790636934E+01 -0.2616175152642255E+01
-0.4368289217202330E+01 -0.4414442500471589E+01
-0.2838983948897631E+01 -0.6353911298604880E+01
-0.2979260798180069E+01  0.7291463688342173E+01
-0.4638439887180441E+01  0.5317271675435491E+01
-0.5604421819508276E+01  0.3498156917886495E+01
-0.6129367904273454E+01  0.1737848383481028E+01
-0.6297019181715382E+01  0.0000000000000000E+00
-0.6129367904273454E+01 -0.1737848383481028E+01
-0.5604421819508276E+01 -0.3498156917886495E+01
-0.4638439887180441E+01 -0.5317271675435491E+01
-0.2979260798180069E+01 -0.7291463688342173E+01
-0.3108916233649079E+01  0.8232699459073562E+01
-0.4886219566858970E+01  0.6224985482471578E+01
-0.5967528328587866E+01  0.4384947188941203E+01
-0.6615290965479050E+01  0.2611567920800681E+01
-0.6922044905424937E+01  0.8676651954548767E+00
-0.6922044905424937E+01 -0.8676651954548767E+00
-0.6615290965479050E+01 -0.2611567920800681E+01
-0.5967528328587866E+01 -0.4384947188941203E+01
-0.4886219566858970E+01 -0.6224985482471578E+01
-0.3108916233649079E+01 -0.8232699459073562E+01
-0.3229722089920366E+01  0.9177111568708556E+01
-0.5115648283908103E+01  0.7137020758893263E+01
-0.6301337454874538E+01  0.5276191743697309E+01
-0.7057892387661072E+01  0.3489014503560232E+01
-0.7484229860737623E+01  0.1737102820744037E+01
-0.7622339845796303E+01  0.0000000000000000E+00
-0.7484229860737623E+01 -0.1737102820744037E+01
-0.7057892387661072E+01 -0.3489014503560232E+01
-0.6301337454874538E+01 -0.5276191743697309E+01
-0.5115648283908103E+01 -0.7137020758893263E+01
-0.3229722089920366E+01 -0.9177111568708556E+01
-0.3343023307802498E+01  0.1012429680724083E+02
-0.5329708590875954E+01  0.8052906864256384E+01
-0.6611004249955157E+01  0.6171534993038124E+01
-0.7465571240363264E+01  0.4370169593349573E+01
-0.7997270599576863E+01  0.2609066536974341E+01
-0.8253422011426187E+01  0.8676935719507873E+00
-0.8253422011426187E+01 -0.8676935719507873E+00
-0.7997270599576863E+01 -0.2609066536974341E+01
-0.7465571240363264E+01 -0.4370169593349573E+01
-0.6611004249955157E+01 -0.6171534993038124E+01
-0.5329708590875954E+01 -0.8052906864256384E+01
-0.3343023307802498E+01 -0.1012429680724083E+02
-0.3449867220628977E+01  0.1107392855221618E+02
-0.5530680983340791E+01  0.8972247775157541E+01
-0.6900372826159765E+01  0.7070644312130966E+01
-0.7844380277068655E+01  0.5254903406703479E+01
-0.8470591771361565E+01  0.3483868450514549E+01
-0.8830252084372885E+01  0.1736666400399173E+01
-0.8947709674135892E+01  0.0000000000000000E+00
-0.8830252084372885E+01 -0.1736666400399173E+01
-0.8470591771361565E+01 -0.3483868450514549E+01
-0.7844380277068655E+01 -0.5254903406703479E+01
-0.6900372826159765E+01 -0.7070644312130966E+01
-0.5530680983340791E+01 -0.8972247775157541E+01
-0.3449867220628977E+01 -0.1107392855221618E+02
-0.3551086883379937E+01  0.1202573803225420E+02
-0.5720352383844728E+01  0.9894707597485398E+01
-0.7172395962126434E+01  0.7973217354262074E+01
-0.8198846969921297E+01  0.6143041071276649E+01
-0.8911000555628116E+01  0.4361604178381087E+01
-0.9363145851448625E+01  0.2607553324517889E+01
-0.9583171393651753E+01  0.8677110287553644E+00
-0.9583171393651753E+01 -0.8677110287553644E+00
-0.9363145851448625E+01 -0.2607553324517889E+01
-0.8911000555628116E+01 -0.4361604178381087E+01
-0.8198846969921297E+01 -0.6143041071276649E+01
-0.7172395962126434E+01 -0.7973217354262074E+01
-0.5720352383844728E+01 -0.9894707597485398E+01
-0.3551086883379937E+01 -0.1202573803225420E+02
-0.3647356862487844E+01  0.1297950107076128E+02
-0.5900151713668479E+01  0.1081999913773184E+02
-0.7429396993024483E+01  0.8878982621237967E+01
-0.8532459051847633E+01  0.7034393625462340E+01
-0.9323599321318516E+01  0.5242258894678340E+01
-0.9859567228188066E+01  0.3480671212658332E+01
-0.1017091399570492E+02  0.1736388918401560E+01
-0.1027310966752688E+02  0.0000000000000000E+00
-0.1017091399570492E+02 -0.1736388918401560E+01
-0.9859567228188066E+01 -0.3480671212658332E+01
-0.9323599321318516E+01 -0.5242258894678340E+01
-0.8532459051847633E+01 -0.7034393625462340E+01
-0.7429396993024483E+01 -0.8878982621237967E+01
-0.5900151713668479E+01 -0.1081999913773184E+02
-0.3647356862487844E+01 -0.1297950107076128E+02
-0.3739231797162008E+01  0.1393502847580996E+02
-0.6071241382917523E+01  0.1174787493850281E+02
-0.7673240790799481E+01  0.9787697438217956E+01
-0.8847968197304340E+01  0.7928772856319821E+01
-0.9712326329380470E+01  0.6125760891652945E+01
-0.1032511960904717E+02  0.4356163375165734E+01
-0.1071898581013092E+02  0.2606567022402484E+01
-0.1091188608326344E+02  0.8677225021503637E+00
-0.1091188608326344E+02 -0.8677225021503637E+00
-0.1071898581013092E+02 -0.2606567022402484E+01
-0.1032511960904717E+02 -0.4356163375165734E+01
-0.9712326329380470E+01 -0.6125760891652945E+01
-0.8847968197304340E+01 -0.7928772856319821E+01
-0.7673240790799481E+01 -0.9787697438217956E+01
-0.6071241382917523E+01 -0.1174787493850281E+02
-0.3739231797162008E+01 -0.1393502847580996E+02
-0.3827173785103397E+01  0.1489215892467250E+02
-0.6234580978311115E+01  0.1267812022903495E+02
-0.7905449596196901E+01  0.1069914507598647E+02
-0.9147588674750372E+01  0.8825998299231001E+01
-0.1008029445550610E+02  0.7012009985671116E+01
-0.1076413415472102E+02  0.5234074899381649E+01
-0.1123343685847653E+02  0.3478543894775794E+01
-0.1150807671568202E+02  0.1736201534613011E+01
-0.1159852956247195E+02  0.0000000000000000E+00
-0.1150807671568202E+02 -0.1736201534613011E+01
-0.1123343685847653E+02 -0.3478543894775794E+01
-0.1076413415472102E+02 -0.5234074899381649E+01
-0.1008029445550610E+02 -0.7012009985671116E+01
-0.9147588674750372E+01 -0.8825998299231001E+01
-0.7905449596196901E+01 -0.1069914507598647E+02
-0.6234580978311115E+01 -0.1267812022903495E+02
-0.3827173785103397E+01 -0.1489215892467250E+02
-0.3911572291151773E+01  0.1585075359692343E+02
-0.6390972783658263E+01  0.1361054734915371E+02
-0.8127283945059954E+01  0.1161313175069794E+02
-0.9433132221971047E+01  0.9725900316398773E+01
-0.1043001295656182E+02  0.7900893098025343E+01
-0.1118003904047949E+02  0.6114394091570131E+01
-0.1171894876576647E+02  0.4352479772850074E+01
-0.1206813587139464E+02  0.2605887848776439E+01
-0.1223990212385344E+02  0.8677305488079651E+00
-0.1223990212385344E+02 -0.8677305488079651E+00
-0.1206813587139464E+02 -0.2605887848776439E+01
-0.1171894876576647E+02 -0.4352479772850074E+01
-0.1118003904047949E+02 -0.6114394091570131E+01
-0.1043001295656182E+02 -0.7900893098025343E+01
-0.9433132221971047E+01 -0.9725900316398773E+01
-0.8127283945059954E+01 -0.1161313175069794E+02
-0.6390972783658263E+01 -0.1361054734915371E+02
-0.3911572291151773E+01 -0.1585075359692343E+02
-0.3992758917876044E+01  0.1681069206011680E+02
-0.6541095062282412E+01  0.1454499130293546E+02
-0.8339800717859314E+01  0.1252948382527802E+02
-0.9706102404819180E+01  0.1062832109056825E+02
-0.1076353843546406E+02  0.8792293057590403E+01
-0.1157560105346983E+02  0.6997076277291369E+01
-0.1217923135797589E+02  0.5228450734494889E+01
-0.1259706254689902E+02  0.3477054698737007E+01
-0.1284282817518128E+02  0.1736069154308297E+01
-0.1292396265637849E+02  0.0000000000000000E+00
-0.1284282817518128E+02 -0.1736069154308297E+01
-0.1259706254689902E+02 -0.3477054698737007E+01
-0.1217923135797589E+02 -0.5228450734494889E+01
-0.1157560105346983E+02 -0.6997076277291369E+01
-0.1076353843546406E+02 -0.8792293057590403E+01
-0.9706102404819180E+01 -0.1062832109056825E+02
-0.8339800717859314E+01 -0.1252948382527802E+02
-0.6541095062282412E+01 -0.1454499130293546E+02
-0.3992758917876044E+01 -0.1681069206011680E+02
-0.4071018562143204E+01  0.1777186906880570E+02
-0.6685526878839736E+01  0.1548130618828351E+02
-0.8543895732915420E+01  0.1344804525900884E+02
-0.9967762603331442E+01  0.1153311478844602E+02
-0.1108258005391291E+02  0.9686093656134695E+01
-0.1195308999165453E+02  0.7882057803390661E+01
-0.1261728206969996E+02  0.6106478568888773E+01
-0.1309882442362375E+02  0.4349865414882204E+01
-0.1341259697457743E+02  0.2605402446177482E+01
-0.1356742270672896E+02  0.8677366544755140E+00
-0.1356742270672896E+02 -0.8677366544755140E+00
-0.1341259697457743E+02 -0.2605402446177482E+01
-0.1309882442362375E+02 -0.4349865414882204E+01
-0.1261728206969996E+02 -0.6106478568888773E+01
-0.1195308999165453E+02 -0.7882057803390661E+01
-0.1108258005391291E+02 -0.9686093656134695E+01
-0.9967762603331442E+01 -0.1153311478844602E+02
-0.8543895732915420E+01 -0.1344804525900884E+02
-0.6685526878839736E+01 -0.1548130618828351E+02
-0.4071018562143204E+01 -0.1777186906880570E+02
-0.4146597974532290E+01  0.1873419204283029E+02
-0.6824766933879228E+01  0.1641936229924862E+02
-0.8740335567403681E+01  0.1436867549416838E+02
-0.1021918525022133E+02  0.1244014661620364E+02
-0.1138857714207901E+02  0.1058218078416792E+02
-0.1231439732695392E+02  0.8769266639562293E+01
-0.1303556178700283E+02  0.6986558729365256E+01
-0.1357661835662402E+02  0.5224408132811126E+01
-0.1395341425867372E+02  0.3475972531159162E+01
-0.1417583742182416E+02  0.1735970697636224E+01
-0.1424941596121016E+02  0.0000000000000000E+00
-0.1417583742182416E+02 -0.1735970697636224E+01
-0.1395341425867372E+02 -0.3475972531159162E+01
-0.1357661835662402E+02 -0.5224408132811126E+01
-0.1303556178700283E+02 -0.6986558729365256E+01
-0.1231439732695392E+02 -0.8769266639562293E+01
-0.1138857714207901E+02 -0.1058218078416792E+02
-0.1021918525022133E+02 -0.1244014661620364E+02
-0.8740335567403681E+01 -0.1436867549416838E+02
-0.6824766933879228E+01 -0.1641936229924862E+02
-0.4146597974532290E+01 -0.1873419204283029E+02
-0.4219712425485745E+01  0.1969757905509466E+02
-0.6959248083814977E+01  0.1735904376754201E+02
-0.8929781860112898E+01  0.1529124736080836E+02
-0.1046129057016862E+02  0.1334929281469886E+02
-0.1168275178830742E+02  0.1148044743733290E+02
-0.1266111426579105E+02  0.9658622700863347E+01
-0.1343611882728466E+02  0.7868660509845851E+01
-0.1403308689735028E+02  0.6100721634006645E+01
-0.1446867777228664E+02  0.4347942342872109E+01
-0.1475363273265057E+02  0.2605044799355643E+01
-0.1489458477611122E+02  0.8677372986428190E+00
-0.1489458477611122E+02 -0.8677372986428190E+00
-0.1475363273265057E+02 -0.2605044799355643E+01
-0.1446867777228664E+02 -0.4347942342872109E+01
-0.1403308689735028E+02 -0.6100721634006645E+01
-0.1343611882728466E+02 -0.7868660509845851E+01
-0.1266111426579105E+02 -0.9658622700863347E+01
-0.1168275178830742E+02 -0.1148044743733290E+02
-0.1046129057016862E+02 -0.1334929281469886E+02
-0.8929781860112898E+01 -0.1529124736080836E+02
-0.6959248083814977E+01 -0.1735904376754201E+02
-0.4219712425485745E+01 -0.1969757905509466E+02
-0.4290550955647259E+01  0.2066195721174421E+02
-0.7089348688866569E+01  0.1830024662122805E+02
-0.9112809999719923E+01  0.1621564571328573E+02
-0.1069487314890978E+02  0.1426043901066553E+02
-0.1196615551612373E+02  0.1238079025579028E+02
-0.1299459211568008E+02  0.1055004806663452E+02
-0.1382069187667978E+02  0.8752728162405607E+01
-0.1447043323373076E+02  0.6978849200738737E+01
-0.1496115567924518E+02  0.5221408011735023E+01
-0.1530436347339081E+02  0.3475146731734851E+01
-0.1550761081311846E+02  0.1735895497969193E+01
-0.1557482900193330E+02  0.0000000000000000E+00
-0.1550761081311846E+02 -0.1735895497969193E+01
-0.1530436347339081E+02 -0.3475146731734851E+01
-0.1496115567924518E+02 -0.5221408011735023E+01
-0.1447043323373076E+02 -0.6978849200738737E+01
-0.1382069187667978E+02 -0.8752728162405607E+01
-0.1299459211568008E+02 -0.1055004806663452E+02
-0.1196615551612373E+02 -0.1238079025579028E+02
-0.1069487314890978E+02 -0.1426043901066553E+02
-0.9112809999719923E+01 -0.1621564571328573E+02
-0.7089348688866569E+01 -0.1830024662122805E+02
-0.4290550955647259E+01 -0.2066195721174421E+02
-0.4359280559400170E+01  0.2162726133322960E+02
-0.7215401531501699E+01  0.1924287712749065E+02
-0.9289924060477501E+01  0.1714176554470513E+02
-0.1092062530849052E+02  0.1517348090068307E+02
-0.1223969600793184E+02  0.1328310759432129E+02
-0.1331600817440602E+02  0.1144346510019700E+02
-0.1419077244465015E+02  0.9638720450265374E+01
-0.1489045883282111E+02  0.7858925906407715E+01
-0.1543289424634085E+02  0.6096122850744155E+01
-0.1583155482325409E+02  0.4346266563476012E+01
-0.1609223345655369E+02  0.2605223241752183E+01
-0.1622115054586308E+02  0.8679537263914231E+00
-0.1622115054586308E+02 -0.8679537263914231E+00
-0.1609223345655369E+02 -0.2605223241752183E+01
-0.1583155482325409E+02 -0.4346266563476012E+01
-0.1543289424634085E+02 -0.6096122850744155E+01
-0.1489045883282111E+02 -0.7858925906407715E+01
-0.1419077244465015E+02 -0.9638720450265374E+01
-0.1331600817440602E+02 -0.1144346510019700E+02
-0.1223969600793184E+02 -0.1328310759432129E+02
-0.1092062530849052E+02 -0.1517348090068307E+02
-0.9289924060477501E+01 -0.1714176554470513E+02
-0.7215401531501699E+01 -0.1924287712749065E+02
-0.4359280559400170E+01 -0.2162726133322960E+02
-0.4426049574083054E+01  0.2259343286765788E+02
-0.7337701146960677E+01  0.2018685056660420E+02
-0.9461567644565946E+01  0.1806951146338149E+02
-0.1113915637998048E+02  0.1608831908716909E+02
-0.1250417105478207E+02  0.1418732271379594E+02
-0.1362634449458950E+02  0.1233880804399071E+02
-0.1454750467012236E+02  0.1052657363034956E+02
-0.1529485389696434E+02  0.8740391579675684E+01
-0.1588695827785770E+02  0.6972740691381627E+01
-0.1633639571414576E+02  0.5219862103541065E+01
-0.1665005674205593E+02  0.3474384562552964E+01
-0.1683889773584822E+02  0.1735001736956698E+01
-0.1690068536821151E+02  0.0000000000000000E+00
-0.1683889773584822E+02 -0.1735001736956698E+01
-0.1665005674205593E+02 -0.3474384562552964E+01
-0.1633639571414576E+02 -0.5219862103541065E+01
-0.1588695827785770E+02 -0.6972740691381627E+01
-0.1529485389696434E+02 -0.8740391579675684E+01
-0.1454750467012236E+02 -0.1052657363034956E+02
-0.1362634449458950E+02 -0.1233880804399071E+02
-0.1250417105478207E+02 -0.1418732271379594E+02
-0.1113915637998048E+02 -0.1608831908716909E+02
-0.9461567644565946E+01 -0.1806951146338149E+02
-0.7337701146960677E+01 -0.2018685056660420E+02
-0.4426049574083054E+01 -0.2259343286765788E+02
-0.4490990408225101E+01  0.2356041901175839E+02
-0.7456509404648507E+01  0.2113209007198298E+02
-0.9628133579382043E+01  0.1899879686124292E+02
-0.1135099428552313E+02  0.1700486206614901E+02
-0.1276027582209727E+02  0.1509331955119384E+02
-0.1392655913254796E+02  0.1323595074023930E+02
-0.1489222444421749E+02  0.1141640998777928E+02
-0.1568473598174027E+02  0.9623848458322422E+01
-0.1632330802072969E+02  0.7851231574252274E+01
-0.1682143993077770E+02  0.6092079476161251E+01
-0.1718858601694895E+02  0.4345840954821888E+01
-0.1742922116731762E+02  0.2604566980628391E+01
-0.1754702178425634E+02  0.8699744667439224E+00
-0.1754702178425634E+02 -0.8699744667439224E+00
-0.1742922116731762E+02 -0.2604566980628391E+01
-0.1718858601694895E+02 -0.4345840954821888E+01
-0.1682143993077770E+02 -0.6092079476161251E+01
-0.1632330802072969E+02 -0.7851231574252274E+01
-0.1568473598174027E+02 -0.9623848458322422E+01
-0.1489222444421749E+02 -0.1141640998777928E+02
-0.1392655913254796E+02 -0.1323595074023930E+02
-0.1276027582209727E+02 -0.1509331955119384E+02
-0.1135099428552313E+02 -0.1700486206614901E+02
-0.9628133579382043E+01 -0.1899879686124292E+02
-0.7456509404648507E+01 -0.2113209007198298E+02
-0.4490990408225101E+01 -0.2356041901175839E+02
-0.4554221784051623E+01  0.2452817192698803E+02
-0.7572060251834003E+01  0.2207852538986136E+02
-0.9789972743939252E+01  0.1992953837203433E+02
-0.1155663104340292E+02  0.1792303092267690E+02
-0.1300862708185900E+02  0.1600103789221830E+02
-0.1421743930655629E+02  0.1413500718604128E+02
-0.1522516040884951E+02  0.1230801089756935E+02
-0.1606174618512190E+02  0.1050808597257891E+02
-0.1674519493821657E+02  0.8731119376868699E+01
-0.1729035689777476E+02  0.6967290986029366E+01
-0.1770408784145726E+02  0.5221202655026858E+01
-0.1799069923883850E+02  0.3473239883956156E+01
-0.1816861021835922E+02  0.1731673407223286E+01
-0.1823038405892024E+02  0.0000000000000000E+00
-0.1816861021835922E+02 -0.1731673407223286E+01
-0.1799069923883850E+02 -0.3473239883956156E+01
-0.1770408784145726E+02 -0.5221202655026858E+01
-0.1729035689777476E+02 -0.6967290986029366E+01
-0.1674519493821657E+02 -0.8731119376868699E+01
-0.1606174618512190E+02 -0.1050808597257891E+02
-0.1522516040884951E+02 -0.1230801089756935E+02
-0.1421743930655629E+02 -0.1413500718604128E+02
-0.1300862708185900E+02 -0.1600103789221830E+02
-0.1155663104340292E+02 -0.1792303092267690E+02
-0.9789972743939252E+01 -0.1992953837203433E+02
-0.7572060251834003E+01 -0.2207852538986136E+02
-0.4554221784051623E+01 -0.2452817192698803E+02
-0.4615850675495046E+01  0.2549664811177675E+02
-0.7684564519552808E+01  0.2302609240459419E+02
-0.9947400745993493E+01  0.2086166567573587E+02
-0.1175649423899752E+02  0.1884274355360521E+02
-0.1324987533463411E+02  0.1691054209068657E+02
-0.1449887929655662E+02  0.1503651280395369E+02
-0.1554460559007368E+02  0.1319821570684429E+02
-0.1643711325685108E+02  0.1138647822290988E+02
-0.1716328470489126E+02  0.9633127936917385E+01
-0.1772340990077700E+02  0.7868066794920479E+01
-0.1811990727009876E+02  0.6073613216486875E+01
-0.1863909003575839E+02  0.4167954618480505E+01
-0.1886005055682415E+02  0.2821515222602206E+01
-0.1875947385270455E+02  0.8984367126075620E+00
-0.1875947385270455E+02 -0.8984367126075620E+00
-0.1886005055682415E+02 -0.2821515222602206E+01
-0.1863909003575839E+02 -0.4167954618480505E+01
-0.1811990727009876E+02 -0.6073613216486875E+01
-0.1772340990077700E+02 -0.7868066794920479E+01
-0.1716328470489126E+02 -0.9633127936917385E+01
-0.1643711325685108E+02 -0.1138647822290988E+02
-0.1554460559007368E+02 -0.1319821570684429E+02
-0.1449887929655662E+02 -0.1503651280395369E+02
-0.1324987533463411E+02 -0.1691054209068657E+02
-0.1175649423899752E+02 -0.1884274355360521E+02
-0.9947400745993493E+01 -0.2086166567573587E+02
-0.7684564519552808E+01 -0.2302609240459419E+02
-0.4615850675495046E+01 -0.2549664811177675E+02
